483.0
565.5
565.0
523.0
573.0
513.5
564.0
591.5
487.5
524.0
606.5
521.5
555.0
524.0
539.0
498.0
550.5
534.5
526.0
574.5
602.0
536.5
550.0
509.0
559.5
560.5
562.5
577.5
456.0
469.5
494.5
446.5
460.0
459.0
485.0
423.5
440.5
454.0
479.0
431.0
443.5
469.5
523.0
446.5
512.5
554.0
512.5
499.0
472.5
527.5
444.0
476.0
503.5
459.0
474.5
445.0
488.0
497.0
436.0
511.5
471.5
525.0
567.5
470.0
500.0
491.0
434.5
526.0
520.5
478.5
524.5
535.5
473.0
477.5
486.5
529.0
431.5
474.0
549.5
552.5
514.0
495.5
449.5
553.5
487.5
564.5
508.0
485.0
563.0
448.5
514.0
516.0
486.0
522.0
463.5
555.0
515.0
483.0
486.5
482.0
526.5
513.0
484.0
550.5
485.0
517.0
540.0
511.0
502.0
521.5
445.5
555.0
554.0
595.0
516.5
515.5
538.0
556.5
555.0
541.5
486.5
528.5
510.5
477.0
553.0
540.0
549.0
581.0
591.5
524.5
501.5
570.0
542.5
578.0
529.0
514.0
487.5
563.0
513.5
512.5
523.0
527.5
474.0
506.0
472.5
544.5
565.5
524.0
552.0
550.5
525.5
590.5
553.5
564.0
518.5
515.0
